2022-04-27 , MVS11932  ,              991.5 ,    16 , 16           ,       153 , 0.44000000000000006 ,                0.09
2022-04-27 , MVS11889  ,                679 ,     8 , 8            ,       125 ,                 0.4 ,                   0
2022-04-27 , MVS11999  ,              586.5 ,    13 , 7            ,        88 , 0.47000000000000003 ,                0.03
2022-04-27 , MVS11946  ,                780 ,    16 , 8            ,       116 ,                0.63 , 0.06999999999999999
2022-04-27 , MVS11642  ,             347.25 ,     6 , 5            ,        51 , 0.32999999999999996 ,                   0
2022-04-27 , MVS10167  ,              867.5 ,    15 , 11           ,       118 ,                 0.5 ,                 0.1
2022-04-27 , MVS12515  ,             1338.9 ,    21 , 14           ,       221 ,                0.43 ,                0.02
2022-04-27 , MVS12512  ,             919.75 ,    20 , 12           ,       131 ,                0.78 ,                   0
2022-04-27 , MVS10136  ,              556.5 ,     5 , 7            ,        96 , 0.21000000000000002 ,                0.04
2022-04-27 , MVS11400  ,              952.5 ,    13 , 10           ,       168 ,                0.41 ,                0.05
2022-04-27 , MVS10095  ,              202.5 ,     6 , 3            ,        24 ,                0.62 ,                0.08
2022-04-27 , MVS12114  ,            1188.01 ,    22 , 12           ,       167 ,  0.8099999999999999 ,                0.03
2022-04-27 , MVS11989  ,               1383 ,    15 , 14           ,       249 ,                0.43 ,                0.02
2022-04-27 , MVS11696  ,             753.65 ,    10 , 8            ,       130 ,                0.48 ,                   0
2022-04-27 , MVS11774  ,                940 ,    15 , 8            ,       150 ,                0.61 ,                0.04
2022-04-27 , MVS12607  ,            1132.75 ,    12 , 11           ,       216 ,                0.29 ,                   0
2022-04-27 , MVS11973  ,             948.75 ,    13 , 9            ,       160 ,                0.75 ,                0.12
2022-04-27 , MVS11987  ,            1028.75 ,    13 , 8            ,       181 , 0.47000000000000003 ,                   0
2022-04-27 , MVS11491  ,              71.75 ,     2 , 2            ,         5 ,                   1 ,                 0.6
2022-04-27 , MVS12568  ,            1414.75 ,    20 , 14           ,       231 , 0.49000000000000005 ,                0.04
2022-04-27 , MVS11478  ,              786.5 ,     5 , 11           ,       141 ,                0.19 ,                0.06
2022-04-27 , MVS12139  ,             424.75 ,     5 , 4            ,        76 , 0.32999999999999996 ,                0.06
2022-04-27 , MVS12192  ,             1327.5 ,    15 , 16           ,       251 ,                 0.4 ,                0.04
2022-04-27 , MVS11533  ,             757.75 ,    10 , 9            ,       136 , 0.32999999999999996 ,                0.06
2022-04-27 , MVS10596  ,             757.75 ,    10 , 9            ,       136 , 0.32999999999999996 ,                0.06
2022-04-27 , MVS11441  ,              580.5 ,     5 , 10           ,       116 , 0.11000000000000001 ,                0.02
2022-04-27 , MVS12032  ,              554.5 ,    10 , 6            ,        87 ,                 0.4 ,                0.09
2022-04-27 , MVS12183  ,              623.5 ,    14 , 7            ,        57 ,                0.54 , 0.11000000000000001
2022-04-27 , MVS10036  ,             693.25 ,    11 , 14           ,       116 , 0.21000000000000002 , 0.06999999999999999
2022-04-27 , MVS11176  ,            1660.75 ,    19 , 18           ,       307 , 0.33999999999999997 ,                0.06
2022-04-27 , MVS12202  ,             252.75 ,     4 , 4            ,        39 ,                 0.4 ,                   0
2022-04-27 , MVS11810  ,                186 ,     3 , 5            ,        31 ,                 0.4 ,                0.15
2022-04-27 , MVS10140  ,                210 ,     3 , 3            ,        39 ,                0.75 ,                   0
2022-04-27 , MVS11559  ,                944 ,    12 , 8            ,       151 ,                 0.5 ,                0.04
2022-04-27 , MVS12026  ,               1276 ,    24 , 14           ,       175 ,                0.61 ,                   0
2022-04-27 , MVS12043  ,             337.25 ,     7 , 4            ,        49 ,                 0.6 , 0.06999999999999999
2022-04-27 , DRN004158 ,               5698 ,    12 , 10           ,        67 ,                   1 , 0.06999999999999999
2022-04-27 , DRN005239 ,               6019 ,    12 , 12           ,        59 ,                 0.2 ,                0.02
2022-04-27 , DRN004562 ,               4729 ,    12 , 10           ,        49 ,                0.75 ,                   0
2022-04-27 , DRN005329 ,               6730 ,    15 , 12           ,        68 ,                0.31 ,                0.02
2022-04-27 , DRN004371 ,               3867 ,     8 , 8            ,        31 ,                0.06 ,                   0
2022-04-27 , DRN002952 ,               1758 ,     3 , 11           ,        22 ,                0.19 ,                   0
2022-04-27 , DRN003683 ,               1758 ,     3 , 11           ,        22 ,                0.19 ,                   0
2022-04-27 , DRN004250 ,               4355 ,     7 , 8            ,        34 ,                0.09 ,                0.01
2022-04-27 , DRN003106 ,               5108 ,     7 , 4            ,        49 ,                0.26 ,                0.03
2022-04-27 , DRN005894 ,               5430 ,    10 , 12           ,       116 ,  0.5599999999999999 ,                0.04
2022-04-27 , DRN005470 ,               2339 ,     6 , 10           ,        41 ,                 0.8 ,                   0
2022-04-27 , DRN005467 ,               1765 ,     4 , 10           ,        32 ,                0.35 ,                   0
2022-04-27 , DRN006352 ,               1365 ,     3 , 11           ,        27 ,                0.08 ,                   0
2022-04-27 , DRN006312 ,               2257 ,     6 , 6            ,        39 ,                0.37 , 0.11000000000000001
2022-04-27 , DRN006051 ,                747 ,     3 , 8            ,        12 ,                0.32 ,                0.04
2022-04-27 , DRN006050 ,                448 ,     2 , 4            ,         7 ,                0.67 , 0.32999999999999996
2022-04-27 , DRN005462 ,               2111 ,     5 , 10           ,        41 ,                0.55 ,                0.18
2022-04-27 , DRN005821 ,               4077 ,    10 , 8            ,        75 ,                0.76 ,                0.06
2022-04-27 , DRN003456 ,               6478 ,    12 , 13           ,        78 ,                0.06 ,                   0
2022-04-27 , DRN004101 ,               5082 ,    12 , 15           ,        54 ,                0.38 ,                0.03
2022-04-27 , DRN004316 ,               5156 ,    12 , 13           ,        61 ,                0.18 ,                0.01
2022-04-27 , DRN004196 ,               5439 ,    10 , 11           ,        59 , 0.32999999999999996 ,                 0.1
2022-04-27 , DRN004600 ,               6818 ,    12 , 13           ,        72 , 0.06999999999999999 ,                   0
2022-04-27 , DRN004191 ,               4178 ,    10 , 13           ,        40 ,                 0.1 ,                0.01
2022-04-27 , DRN004075 ,               5411 ,    10 , 11           ,        65 ,                0.08 ,                0.02
2022-04-27 , DRN004520 ,               6057 ,    12 , 14           ,        72 ,  0.8800000000000001 ,                   0
2022-04-27 , DRN002572 ,              23110 ,     8 , 10           ,       121 , 0.32999999999999996 ,                0.02
2022-04-27 , DRN000574 ,              14702 ,     9 , 12           ,       133 ,                0.37 ,                 0.1
2022-04-27 , DRN005019 ,              14593 ,     9 , 8            ,       117 ,                   1 ,                0.08
2022-04-27 , DRN005948 ,              13734 ,     9 , 9            ,        88 ,  0.8099999999999999 ,                0.19
2022-04-27 , DRN005460 ,              24048 ,    11 , 11           ,       175 ,  0.5900000000000001 ,                0.08
2022-04-27 , DRN002247 ,               9913 ,     6 , 6            ,        82 , 0.22999999999999998 ,                   0
2022-04-27 , DRN004770 ,               3220 ,     1 , 4            ,        32 ,                0.29 ,                   0
2022-04-27 , DRN002150 ,               6858 ,     5 , 7            ,        38 ,                 0.5 ,                   0
2022-04-27 , DRN006006 ,               7677 ,     4 , 7            ,        78 ,                0.62 ,                   0
2022-04-27 , DRN007873 ,               7121 ,    14 , 10           ,        83 , 0.32999999999999996 ,                0.01
2022-04-27 , DRN006139 ,               6925 ,    12 , 12           ,        67 ,                0.12 ,                0.03
2022-04-27 , DRN006721 ,               6729 ,    11 , 11           ,        67 , 0.06999999999999999 ,                   0
2022-04-27 , DRN007120 ,               3347 ,     9 , 10           ,        30 ,                0.27 ,                0.06
2022-04-27 , DRN006919 ,               6987 ,    12 , 13           ,        75 ,                0.51 ,                0.09
2022-04-27 , DRN007097 ,               5501 ,    12 , 11           ,        55 ,                0.95 ,                   0
2022-04-27 , DRN006856 ,               5390 ,     7 , 7            ,        55 ,                0.08 ,                   0
2022-04-27 , DRN006876 ,               4513 ,     8 , 13           ,        47 ,                0.08 ,                0.01
2022-04-27 , DRN007635 ,               7605 ,    13 , 11           ,        77 ,                0.05 ,                0.01
2022-04-27 , DRN006819 ,               4497 ,     9 , 10           ,        51 ,                0.41 ,                0.06
2022-04-27 , DRN007133 ,               1768 ,     2 , 11           ,        15 ,                 0.5 ,                0.29
2022-04-27 , DRN002786 ,               6042 ,    11 , 13           ,        70 , 0.44000000000000006 , 0.06999999999999999
2022-04-27 , DRN003418 ,               4840 ,    12 , 12           ,        30 ,                0.19 ,                0.04
2022-04-27 , DRN002944 ,               5373 ,    12 , 12           ,        45 ,                0.09 ,                0.02
2022-04-27 , DRN002788 ,               4844 ,    10 , 12           ,        60 ,                0.24 ,                0.02
2022-04-27 , DRN003192 ,               6339 ,    10 , 13           ,        59 ,                0.15 ,                   0
2022-04-27 , DRN002744 ,               1478 ,     3 , 4            ,        19 ,                0.67 ,                   0
2022-04-27 , DRN003207 ,               5861 ,    12 , 14           ,        73 ,                 0.2 ,                0.01
2022-04-27 , DRN003529 ,               4802 ,    12 , 12           ,        47 , 0.13999999999999999 ,                0.02
2022-04-27 , DRN003132 ,               6298 ,    12 , 12           ,        68 ,                0.37 ,                0.04
2022-04-27 , DRN003238 ,               2763 ,     4 , 7            ,        32 , 0.06999999999999999 ,                0.02
2022-04-27 , DRN003252 ,               7765 ,    12 , 12           ,        92 ,                0.12 ,                0.01
2022-04-27 , DRN002980 ,               4938 ,    12 , 13           ,        52 ,                0.62 ,                0.06
2022-04-27 , DRN006209 ,               5170 ,     9 , 11           ,        46 ,                 0.2 ,                0.03
2022-04-27 , DRN002955 ,                866 ,     2 , 2            ,        11 ,                0.03 ,                   0
2022-04-27 , DRN007001 ,               3431 ,     6 , 5            ,        37 ,                0.71 , 0.21000000000000002
2022-04-27 , DRN005384 ,               2380 ,     3 , 5            ,        25 , 0.22999999999999998 ,                0.06
2022-04-27 , DRN003383 ,               2501 ,     6 , 11           ,        21 ,                0.89 ,                   0
2022-04-27 , DRN003818 ,               3055 ,     5 , 11           ,        32 ,                   1 ,                0.08
2022-04-27 , DRN004630 ,               6196 ,    11 , 12           ,        58 ,                0.16 ,                0.02
2022-04-27 , DRN004415 ,               7042 ,    14 , 11           ,        82 , 0.13999999999999999 ,                0.01
2022-04-27 , DRN004563 ,               6801 ,    12 , 11           ,        66 , 0.21000000000000002 ,                0.05
2022-04-27 , DRN006145 ,               4078 ,    11 , 12           ,        35 ,                 0.3 ,                   0
2022-04-27 , DRN005151 ,               6469 ,    16 , 13           ,        64 ,                0.37 ,                   0
2022-04-27 , DRN002933 ,               1685 ,     4 , 12           ,        16 ,                0.35 ,                   0
2022-04-27 , DRN004356 ,               5145 ,    12 , 10           ,        63 , 0.44000000000000006 ,                0.03
2022-04-27 , DRN006297 ,               6357 ,     9 , 10           ,        61 ,                0.06 ,                0.01
2022-04-27 , DRN001933 ,              21645 ,     8 , 9            ,       109 ,  0.6900000000000001 ,                   0
2022-04-27 , DRN005233 ,              10272 ,    10 , 10           ,        72 ,                0.24 ,                0.03
2022-04-27 , DRN004059 ,              17474 ,    11 , 13           ,       117 ,                0.89 ,                0.16
2022-04-27 , DRN000515 ,               8692 ,     6 , 7            ,        70 ,                0.26 ,                0.13
2022-04-27 , DRN002328 ,               9426 ,     3 , 8            ,        67 ,                 0.8 ,                   0
2022-04-27 , DRN002662 ,              11060 ,     9 , 8            ,        80 ,                0.55 ,                   0
2022-04-27 , DRN005425 ,               6290 ,     6 , 6            ,        41 ,  0.8800000000000001 ,                0.06
2022-04-27 , DRN004743 ,              10833 ,     7 , 12           ,        88 , 0.44000000000000006 ,                0.04
2022-04-27 , DRN004421 ,              13442 ,     9 , 11           ,       111 ,                0.53 ,                0.05
2022-04-27 , DRN001267 ,            12176.4 ,     7 , 9            ,        94 ,  0.9099999999999999 ,                   0
2022-04-27 , DRN001140 ,              26466 ,    11 , 13           ,       105 ,                0.62 ,                0.08
2022-04-27 , DRN007903 ,               8076 ,    13 , 11           ,        94 ,                0.54 , 0.16999999999999998
2022-04-27 , DRN006245 ,               5824 ,    12 , 11           ,        63 ,  0.8099999999999999 ,                   0
2022-04-27 , DRN006633 ,               4702 ,     8 , 9            ,        52 , 0.11000000000000001 ,                0.01
2022-04-27 , DRN002817 ,               2472 ,     6 , 10           ,        28 ,                0.67 ,                   0
2022-04-27 , DRN007046 ,               4167 ,     7 , 8            ,        44 ,                0.16 ,                   0
2022-04-27 , DRN003455 ,               4652 ,     9 , 10           ,        61 ,                   1 , 0.13999999999999999
2022-04-27 , DRN007288 ,               6073 ,    12 , 16           ,        76 ,                0.62 ,                   0
2022-04-21 , DRN004447 ,              13842 ,     6 , 7            ,       108 , 0.47000000000000003 ,                   0
2022-04-21 , DRN005559 ,               5713 ,    12 , 11           ,        59 , 0.21000000000000002 ,                0.01
2022-04-21 , DRN006083 ,               3164 ,     7 , 5            ,        31 , 0.21000000000000002 ,                0.02
2022-04-21 , DRN002661 ,               5245 ,    12 , 10           ,        50 ,                0.85 ,                0.12
2022-04-21 , DRN005640 ,               5776 ,    14 , 9            ,        63 ,                0.53 ,                0.06
2022-04-21 , DRN005461 ,               6842 ,    14 , 13           ,        79 ,                0.45 ,                0.06
2022-04-21 , DRN006088 ,               4110 ,     8 , 8            ,        49 ,                0.12 ,                0.02
2022-04-21 , DRN004508 ,               4258 ,    12 , 15           ,        42 ,                0.38 ,                0.06
2022-04-21 , MVS11698  ,              57.75 ,     2 , 1            ,         5 ,                0.38 ,                0.12
2022-04-21 , MVS11395  ,            1245.75 ,    18 , 14           ,       208 , 0.22999999999999998 ,                   0
2022-04-21 , MVS11630  ,             578.25 ,     8 , 15           ,       108 , 0.27999999999999997 ,                0.05
2022-04-21 , MVS10721  ,             411.75 ,    16 , 4            ,        34 ,                0.55 ,                0.03
2022-04-21 , MVS11254  ,              675.5 ,    16 , 7            ,        95 ,                0.73 ,                0.08
2022-04-21 , MVS10887  ,             457.75 ,     7 , 6            ,        74 ,                0.26 ,                0.03
2022-04-21 , MVS11764  ,             1202.5 ,    12 , 15           ,       232 ,                0.26 ,                0.02
2022-04-21 , MVS11586  ,             573.75 ,    11 , 8            ,        92 ,                0.27 ,                0.02
2022-04-21 , MVS11680  ,              726.5 ,    12 , 9            ,       122 , 0.22999999999999998 ,                   0
2022-04-21 , MVS11602  ,                936 ,    25 , 8            ,        89 ,                 0.6 ,                0.04
2022-04-21 , MVS11823  ,             479.25 ,     9 , 5            ,        67 ,                0.54 ,                0.08
2022-04-21 , MVS11394  ,               1058 ,    20 , 12           ,       155 ,                0.36 , 0.06999999999999999
2022-04-21 , MVS11455  ,              490.5 ,     6 , 9            ,        85 , 0.06999999999999999 ,                   0
2022-04-21 , MVS11672  ,             685.25 ,    17 , 7            ,        71 ,                0.74 ,                   0
2022-04-21 , MVS11674  ,             1092.5 ,    20 , 11           ,       122 , 0.32999999999999996 ,                0.03
2022-04-21 , MVS11805  ,               1063 ,    20 , 13           ,       156 ,                0.39 ,                   0
2022-04-21 , MVS11278  ,               1092 ,    20 , 17           ,       171 ,                0.41 ,                0.03
2022-04-21 , MVS11523  ,             417.75 ,    10 , 8            ,        59 ,                0.19 ,                0.02
2022-04-21 , MVS10783  ,             896.75 ,     8 , 12           ,       153 ,                0.19 ,                0.02
2022-04-21 , MVS11433  ,            1466.75 ,    32 , 16           ,       187 , 0.42000000000000004 ,                   0
2022-04-21 , MVS11408  ,             1121.5 ,    20 , 16           ,       168 ,                0.27 ,                0.05
2022-04-21 , MVS11380  ,                408 ,    12 , 5            ,        30 ,                0.73 , 0.13999999999999999
2022-04-21 , MVS11575  ,             450.75 ,     5 , 5            ,        84 ,                 0.5 ,                   0
2022-04-21 , MVS11261  ,             918.75 ,    15 , 10           ,       145 ,                0.48 ,                   0
2022-04-21 , MVS11338  ,             1077.5 ,    23 , 11           ,       124 ,                 0.4 ,                0.04
2022-04-21 , MVS11817  ,             1188.5 ,    14 , 18           ,       215 ,                0.24 ,                0.01
2022-04-21 , MVS10553  ,                739 ,    14 , 9            ,       115 ,                0.32 ,                   0
2022-04-21 , MVS11770  ,             561.75 ,     8 , 14           ,       100 ,                0.16 ,                0.01
2022-04-21 , MVS11314  ,             474.75 ,     6 , 11           ,        69 ,                0.12 ,                   0
2022-04-21 , MVS11682  ,               1067 ,    12 , 10           ,       192 ,                0.32 ,                0.02
2022-04-21 , DRN007438 ,               5662 ,    12 , 10           ,        67 ,  0.6599999999999999 ,                0.03
2022-04-21 , DRN006579 ,               7263 ,    15 , 11           ,        82 ,  0.5599999999999999 ,                   0
2022-04-21 , DRN007540 ,               4359 ,     6 , 10           ,        58 ,                   1 ,                   0
2022-04-21 , DRN007546 ,               7414 ,    14 , 15           ,        61 ,                0.19 ,                0.01
2022-04-21 , DRN007534 ,               5586 ,    12 , 11           ,        71 ,                0.67 ,                0.05
2022-04-21 , DRN007529 ,               6435 ,    15 , 8            ,        74 ,  0.5900000000000001 ,                0.06
2022-04-21 , DRN003549 ,               5253 ,    12 , 12           ,        55 ,                0.75 ,                0.05
2022-04-21 , DRN005464 ,               4705 ,    11 , 12           ,        39 , 0.22000000000000003 ,                0.05
2022-04-21 , DRN003193 ,               4557 ,    12 , 14           ,        42 ,                0.15 ,                0.01
2022-04-21 , DRN005718 ,               6189 ,    12 , 10           ,        72 , 0.33999999999999997 ,                   0
2022-04-21 , DRN007507 ,               4691 ,    13 , 12           ,        39 , 0.47000000000000003 ,                0.02
2022-04-21 , DRN003012 ,               5653 ,    12 , 12           ,        70 ,  0.5599999999999999 ,                   0
2022-04-21 , DRN003418 ,               5040 ,    12 , 13           ,        51 , 0.11000000000000001 ,                0.01
2022-04-21 , DRN007822 ,               5252 ,    12 , 14           ,        55 ,                0.77 ,                0.12
2022-04-21 , DRN002807 ,               5537 ,    12 , 15           ,        65 ,                0.74 , 0.11000000000000001
2022-04-21 , DRN002980 ,               5768 ,    12 , 12           ,        74 ,                0.48 ,                0.03
2022-04-21 , DRN003107 ,               4859 ,    10 , 12           ,        65 ,                0.52 ,                   0
2022-04-21 , DRN004127 ,               7330 ,    13 , 12           ,        91 ,  0.6599999999999999 ,                0.03
2022-04-21 , DRN003179 ,               5610 ,    12 , 14           ,        67 ,                 0.5 ,                0.03
2022-04-21 , DRN002724 ,               5286 ,    12 , 12           ,        65 ,                0.43 ,                   0
2022-04-21 , DRN003192 ,               4099 ,     9 , 15           ,        42 ,                 0.2 ,                0.02
2022-04-21 , DRN003207 ,               4745 ,    12 , 13           ,        52 ,                0.64 ,                0.08
2022-04-21 , DRN005040 ,               1753 ,     5 , 10           ,        15 ,                0.45 ,                   0
2022-04-21 , DRN002877 ,               5919 ,    11 , 11           ,        63 , 0.11000000000000001 ,                   0
2022-04-21 , DRN003859 ,               6100 ,    15 , 10           ,        65 ,  0.6599999999999999 ,                0.03
2022-04-21 , DRN003862 ,               4984 ,    12 , 12           ,        56 ,                0.25 ,                0.05
2022-04-21 , DRN002870 ,               6856 ,    13 , 11           ,        89 ,                0.75 , 0.06999999999999999
2022-04-21 , DRN004190 ,               4833 ,    12 , 12           ,        54 ,                 0.6 ,                   0
2022-04-21 , DRN006390 ,               6608 ,    12 , 11           ,        80 ,                0.16 ,                   0
2022-04-21 , DRN003704 ,               5594 ,    12 , 13           ,        53 ,                 0.4 ,                0.05
2022-04-21 , DRN002813 ,               5023 ,    12 , 7            ,        46 ,                0.35 ,                0.02
2022-04-21 , DRN005552 ,               3135 ,     6 , 6            ,        33 ,                0.62 ,                0.19
2022-04-21 , DRN002909 ,               8647 ,    20 , 14           ,        94 ,                0.26 ,                   0
2022-04-21 , DRN003657 ,               4956 ,    12 , 9            ,        54 ,                0.37 ,                0.03
2022-04-21 , DRN003579 ,               4731 ,    10 , 10           ,        60 ,  0.9199999999999999 ,                   0
2022-04-21 , DRN001567 ,              15974 ,    12 , 11           ,       105 ,  0.5599999999999999 ,                0.04
2022-04-21 , DRN003392 ,              10375 ,     6 , 6            ,        71 ,                0.82 ,                0.18
2022-04-21 , DRN000826 ,              11634 ,     6 , 8            ,        62 ,                0.67 ,                0.08
2022-04-21 , DRN001471 ,               9335 ,     5 , 12           ,        86 ,                0.54 ,                0.08
2022-04-21 , DRN004771 ,              14503 ,    11 , 9            ,        94 ,                 0.5 ,                   0
2022-04-21 , DRN004740 ,              10367 ,     4 , 6            ,        83 ,                0.75 ,                   0
2022-04-21 , DRN001653 ,              23081 ,    11 , 12           ,       170 ,                0.63 ,                   0
2022-04-21 , DRN002051 ,               9251 ,     6 , 8            ,        74 , 0.44000000000000006 ,                0.06
2022-04-21 , DRN002619 ,               5487 ,     4 , 7            ,        40 ,                0.75 ,                0.08
2022-04-21 , DRN004486 ,              12619 ,     8 , 10           ,       108 ,  0.8099999999999999 ,                0.19
2022-04-21 , DRN001838 ,              22210 ,    14 , 14           ,       164 ,  0.8699999999999999 ,                0.09
2022-04-21 , DRN001315 ,              20661 ,    12 , 12           ,       171 ,                 0.9 ,                   0
2022-04-21 , DRN001522 ,               3632 ,     3 , 11           ,        33 ,                0.36 , 0.13999999999999999
2022-04-21 , DRN002324 ,               8893 ,     6 , 9            ,        70 ,                   1 , 0.16999999999999998
2022-04-21 , DRN005833 ,               1413 ,     3 , 10           ,        18 ,                0.67 ,                   0
2022-04-21 , DRN002583 ,               4463 ,     8 , 11           ,        47 ,  0.9099999999999999 ,                   0
2022-04-21 , DRN005908 ,               2855 ,     7 , 8            ,        31 ,                0.75 ,                0.31
2022-04-21 , DRN004276 ,               5938 ,    12 , 13           ,        70 , 0.16999999999999998 ,                   0
2022-04-21 , DRN006751 ,               6285 ,    12 , 11           ,        73 ,                0.26 ,                0.04
2022-04-21 , DRN006076 ,               5215 ,     9 , 10           ,        72 ,  0.8800000000000001 ,                0.08
2022-04-21 , DRN005634 ,               7206 ,    13 , 16           ,        81 ,                0.53 , 0.11000000000000001
2022-04-21 , DRN006565 ,               1054 ,     2 , 11           ,        15 , 0.32999999999999996 ,                   0
2022-04-21 , DRN005774 ,               1115 ,     2 , 11           ,        13 ,                 0.5 ,                   0
2022-04-21 , DRN005831 ,               4586 ,    10 , 10           ,        48 , 0.13999999999999999 ,                0.02
2022-04-21 , DRN006099 ,               5293 ,    12 , 11           ,        61 , 0.42000000000000004 ,                0.04
2022-04-21 , DRN006412 ,               4804 ,     9 , 8            ,        52 ,                0.12 ,                0.01
2022-04-21 , DRN006930 ,               2574 ,     7 , 11           ,        26 ,                0.25 ,                   0
2022-04-21 , DRN006734 ,               6101 ,    12 , 11           ,        69 ,                 0.6 , 0.06999999999999999
2022-04-21 , DRN006486 ,               6896 ,    12 , 10           ,        82 , 0.33999999999999997 ,                0.02
2022-04-21 , DRN006031 ,               5198 ,    12 , 11           ,        54 ,                0.65 ,                0.09
2022-04-21 , DRN006445 ,               6962 ,    15 , 11           ,        68 ,                0.89 ,                0.04
2022-04-21 , DRN006593 ,               5802 ,    12 , 12           ,        67 ,                0.72 ,                   0
2022-04-21 , DRN007601 ,               6446 ,    12 , 10           ,        67 , 0.27999999999999997 ,                0.02
2022-04-21 , DRN006717 ,               6457 ,    12 , 10           ,        78 ,                 0.2 ,                   0
2022-04-21 , DRN006420 ,               5996 ,    11 , 11           ,        68 , 0.13999999999999999 ,                0.01
2022-04-21 , DRN006406 ,               6312 ,    12 , 13           ,        82 ,                0.75 ,                   0
2022-04-21 , DRN006183 ,               2804 ,     8 , 13           ,        27 ,                0.32 ,                0.05
2022-04-21 , DRN006358 ,               5103 ,    12 , 11           ,        56 ,                0.76 ,                 0.1
2022-04-21 , DRN005622 ,               5874 ,    12 , 11           ,        73 , 0.42000000000000004 ,                0.03
2022-04-21 , DRN003302 ,               5014 ,    12 , 10           ,        50 , 0.32999999999999996 ,                0.03
2022-04-21 , DRN006493 ,               4421 ,     9 , 9            ,        46 , 0.42000000000000004 , 0.11000000000000001
2022-04-21 , DRN006763 ,               2714 ,     7 , 10           ,        30 ,  0.6900000000000001 ,                0.08
2022-04-21 , DRN007195 ,               6550 ,    16 , 11           ,        62 ,                0.32 ,                0.03
2022-04-21 , DRN005131 ,               3018 ,     7 , 11           ,        27 , 0.47000000000000003 ,                   0
2022-04-21 , DRN007151 ,               3066 ,     6 , 15           ,        32 ,                0.09 ,                0.01
2022-04-21 , DRN002669 ,               5902 ,    13 , 11           ,        65 ,                0.43 ,                0.19
2022-04-21 , DRN006396 ,               1620 ,     5 , 11           ,        13 ,                   1 ,                   0
2022-04-21 , DRN007114 ,               5129 ,    12 , 14           ,        56 ,  0.8699999999999999 ,                0.03
2022-04-21 , DRN006442 ,               1552 ,     4 , 12           ,        15 ,                0.13 ,                0.02
2022-04-21 , DRN007517 ,               5615 ,    10 , 8            ,        72 ,  0.8300000000000001 ,                   0
2022-04-21 , DRN007354 ,               5412 ,    13 , 9            ,        54 , 0.22999999999999998 ,                0.09
2022-04-21 , DRN006585 ,               5588 ,    14 , 12           ,        52 ,  0.6799999999999999 ,                0.04
2022-04-21 , DRN006924 ,               5817 ,    12 , 11           ,        66 ,                   1 ,                0.05
2022-04-21 , DRN007253 ,               7371 ,    15 , 10           ,        86 ,                0.19 ,                   0
2022-04-21 , DRN001893 ,              13632 ,     9 , 10           ,        98 ,  0.8099999999999999 ,                0.08
2022-04-21 , DRN001608 ,               9256 ,     5 , 11           ,        91 ,                0.38 ,                   0
2022-04-21 , DRN002472 ,              12696 ,     5 , 7            ,       109 ,                0.64 ,                   0
2022-04-21 , DRN002593 ,              19449 ,    11 , 11           ,       158 ,                0.67 ,                 0.1
2022-04-21 , DRN002476 ,              11039 ,     8 , 9            ,        84 ,                0.71 ,                   0
2022-04-21 , DRN004768 ,               5340 ,     4 , 3            ,        39 ,  0.8800000000000001 ,                0.12
2022-04-21 , DRN002713 ,               5048 ,     2 , 5            ,        49 ,                 0.5 , 0.16999999999999998
2022-04-21 , DRN004978 ,                971 ,     1 , 10           ,        13 ,                   1 ,                   0
2022-04-21 , DRN005215 ,               4122 ,     2 , 6            ,        57 ,  0.5700000000000001 ,                0.36
2022-04-21 , DRN005187 ,              21713 ,     4 , 11           ,       123 ,                 0.6 ,                0.45
2022-04-21 , DRN005421 ,              21194 ,     7 , 9            ,        63 ,                0.64 ,                   0
2022-04-21 , DRN004877 ,               7284 ,     7 , 10           ,        82 ,                0.43 ,                0.05
2022-04-21 , DRN005191 ,               2074 ,     2 , 5            ,        26 ,                 0.5 ,                0.08
2022-04-21 , DRN005450 ,               3260 ,     4 , 6            ,        35 ,                0.35 ,                0.06
2022-04-21 , DRN005873 ,              11685 ,     8 , 10           ,       149 ,  0.8800000000000001 ,                0.29
2022-04-21 , DRN004858 ,               8706 ,     3 , 8            ,        53 ,                   1 ,                   0
2022-04-21 , DRN005323 ,               5824 ,     4 , 9            ,        75 ,                0.26 , 0.11000000000000001
2022-04-21 , DRN005518 ,               2010 ,     1 , 2            ,        31 ,                0.25 ,                   0
2022-04-21 , DRN005105 ,               8556 ,     7 , 8            ,       108 ,                   1 ,                   0
2022-04-21 , DRN005424 ,                807 ,     1 , 2            ,         5 ,                0.25 ,                   0
2022-04-21 , DRN004985 ,              13413 ,     4 , 8            ,        57 ,                0.62 ,                0.12
2022-04-21 , DRN005051 ,              12622 ,     4 , 5            ,        36 ,  0.8800000000000001 ,                0.25
2022-04-21 , DRN007097 ,               5763 ,    11 , 14           ,        68 , 0.44000000000000006 ,                   0
2022-04-21 , DRN007236 ,               6047 ,    12 , 11           ,        75 ,                0.85 ,                0.05
2022-04-21 , DRN005986 ,               4574 ,     8 , 10           ,        51 , 0.06999999999999999 ,                0.01
2022-04-21 , DRN007200 ,                741 ,     2 , 7            ,         7 ,                0.71 , 0.13999999999999999
2022-04-21 , DRN006171 ,               1416 ,     3 , 14           ,        15 ,                 0.5 ,                   0
2022-04-21 , DRN007062 ,               8553 ,    13 , 13           ,        97 , 0.49000000000000005 ,                0.05
2022-04-21 , DRN006838 ,               3447 ,     8 , 4            ,        39 , 0.47000000000000003 ,                0.03
2022-04-21 , DRN007826 ,               6344 ,     9 , 10           ,        84 ,                0.31 ,                   0
2022-04-21 , DRN006957 ,               1620 ,     4 , 15           ,        18 ,                   1 ,                   0
2022-04-21 , DRN007052 ,               2859 ,     6 , 11           ,        28 ,                0.72 , 0.16999999999999998
2022-04-21 , DRN007074 ,               6598 ,    13 , 12           ,        77 ,                0.12 ,                0.02
2022-04-21 , DRN006721 ,               6365 ,    12 , 10           ,        73 ,                0.16 ,                0.01
2022-04-21 , DRN002494 ,              10602 ,     8 , 8            ,        87 ,                   1 ,                   0
2022-04-21 , DRN006287 ,              17352 ,    11 , 10           ,       127 ,                0.86 ,                   0
2022-04-21 , DRN003698 ,              23186 ,     7 , 10           ,       212 ,                   1 ,                   0
2022-04-21 , DRN001933 ,              18381 ,    10 , 9            ,       151 ,  0.8099999999999999 ,                0.06
2022-04-21 , DRN005212 ,              17042 ,     8 , 11           ,       165 ,                0.62 ,                0.06
2022-04-21 , DRN001151 ,              22815 ,    16 , 16           ,       202 ,                0.72 ,                0.09
2022-04-21 , DRN004736 ,              21668 ,    14 , 14           ,       176 ,                0.62 , 0.06999999999999999
2022-04-21 , DRN004059 ,              15038 ,    13 , 12           ,       102 ,                   1 ,                 0.1
2022-04-21 , DRN001210 ,              17511 ,    12 , 8            ,       127 ,                0.62 ,                0.12
2022-04-21 , DRN005425 ,               8917 ,     7 , 8            ,        56 ,                0.75 ,                   0
2022-04-21 , DRN005359 ,               8955 ,     9 , 12           ,        61 ,                0.38 ,                0.09
2022-04-21 , DRN001140 ,              18197 ,    12 , 10           ,       120 ,                0.89 ,                0.06
2022-04-21 , DRN001710 ,              14340 ,     6 , 9            ,       111 ,  0.8800000000000001 ,                0.12
2022-04-21 , DRN004891 ,              13885 ,     6 , 12           ,        60 ,                 0.1 ,                0.02
2022-04-21 , DRN005644 ,              14727 ,     5 , 10           ,       122 ,  0.8099999999999999 ,                0.19
2022-04-21 , DRN007318 ,               7394 ,    12 , 11           ,        80 ,                0.18 ,                0.01
2022-04-21 , DRN007150 ,               1883 ,     5 , 10           ,        22 ,                0.77 , 0.22999999999999998
2022-04-21 , DRN005286 ,                594 ,     2 , 10           ,         5 ,                 0.2 ,                   0
2022-04-21 , DRN007854 ,               6485 ,    13 , 10           ,        75 ,                0.32 ,                0.03
2022-04-21 , DRN006793 ,                599 ,     2 , 10           ,         6 ,                 0.8 ,                 0.2
2022-04-21 , DRN007286 ,               1728 ,     4 , 10           ,        17 , 0.32999999999999996 , 0.11000000000000001
2022-04-21 , DRN007418 ,               6045 ,    15 , 11           ,        62 , 0.16999999999999998 ,                0.01
2022-04-21 , DRN007141 ,               7227 ,    13 , 9            ,        89 ,                0.32 ,                0.05
2022-04-21 , DRN001481 ,               3476 ,     6 , 10           ,        42 , 0.16999999999999998 ,                   0
2022-04-21 , DRN007394 ,               4517 ,    10 , 11           ,        50 ,                0.61 ,                   0
2022-04-21 , DRN005372 ,               4185 ,    10 , 11           ,        45 ,                0.53 ,                   0
2022-04-21 , DRN003983 ,               5440 ,    12 , 10           ,        60 ,                0.86 ,                0.32
2022-04-21 , DRN006490 ,               1165 ,     4 , 11           ,         7 ,                0.29 ,                0.05
2022-04-21 , DRN007179 ,               5440 ,    13 , 8            ,        57 ,                0.96 ,                0.15
2022-04-21 , DRN002817 ,               5510 ,    12 , 10           ,        68 ,                0.63 , 0.11000000000000001
2022-04-21 , DRN001812 ,               6456 ,    12 , 11           ,        68 ,                 0.7 ,                0.09
2022-04-21 , DRN007573 ,               2340 ,     6 , 10           ,        26 ,                 0.7 ,                   0
2022-04-21 , DRN007744 ,               6520 ,    13 , 13           ,        73 ,  0.8800000000000001 ,                0.19
2022-04-21 , DRN005931 ,               4187 ,    10 , 11           ,        41 ,                 0.3 ,                   0
2022-04-21 , DRN006786 ,               4397 ,     7 , 13           ,        54 ,                0.67 ,                0.15
2022-04-21 , DRN005850 ,               6093 ,    12 , 11           ,        76 ,                0.82 ,                0.04
2022-04-21 , DRN006199 ,               2585 ,     6 , 11           ,        30 ,  0.5599999999999999 ,                   0
2022-04-21 , DRN006569 ,               6331 ,    12 , 11           ,        72 , 0.22000000000000003 ,                0.02
2022-04-21 , DRN006257 ,               5750 ,    11 , 9            ,        62 ,                0.39 ,                   0
2022-04-21 , DRN002213 ,               1221 ,     3 , 10           ,        13 ,                0.25 ,                0.05
2022-04-21 , DRN007407 ,               8043 ,    15 , 13           ,        87 ,                0.13 ,                0.02
2022-04-21 , DRN006962 ,               3479 ,     6 , 11           ,        38 ,                0.27 ,                   0
2022-04-21 , DRN006926 ,               5215 ,    12 , 11           ,        59 ,  0.8400000000000001 , 0.11000000000000001
2022-04-21 , DRN000821 ,               7281 ,    15 , 11           ,        94 ,                0.74 ,                0.09
2022-04-21 , DRN006676 ,               6653 ,    12 , 9            ,        79 ,                0.26 ,                0.04
2022-04-21 , DRN007612 ,               5144 ,    10 , 11           ,        62 ,                0.38 ,                0.03
2022-04-21 , DRN006123 ,               5252 ,    12 , 13           ,        63 ,                0.36 ,                0.02
2022-04-21 , MVS10166  ,            1509.75 ,    25 , 15           ,       234 ,                0.82 ,                0.03
2022-04-21 , MVS10936  ,              959.5 ,    13 , 10           ,       154 ,                0.63 , 0.11000000000000001
2022-04-21 , MVS10105  ,              878.5 ,     8 , 12           ,       148 ,                0.36 ,                   0
2022-04-21 , MVS11270  ,              106.5 ,     3 , 2            ,        15 ,  0.5599999999999999 , 0.22000000000000003
2022-04-21 , MVS10777  ,              916.5 ,    15 , 12           ,       129 ,                0.63 ,                 0.1
2022-04-21 , MVS12599  ,             1099.5 ,    14 , 17           ,       184 ,                0.54 ,                   0
2022-04-21 , MVS11007  ,                612 ,    13 , 11           ,        96 ,                0.37 ,                   0
2022-04-21 , MVS10824  ,             1040.5 ,    11 , 12           ,       161 , 0.42000000000000004 ,                0.09
2022-04-21 , MVS10703  ,             912.25 ,     6 , 14           ,       213 ,                0.27 ,                0.03
2022-04-21 , MVS12754  ,             917.25 ,    22 , 12           ,       109 ,                0.61 ,                   0
2022-04-21 , MVS12715  ,                541 ,    10 , 12           ,        78 ,                 0.6 ,                   0
2022-04-21 , MVS12767  ,             311.75 ,     5 , 8            ,        58 ,                0.36 ,                   0
2022-04-21 , MVS12744  ,             525.75 ,     8 , 13           ,        91 ,                0.29 ,                   0
2022-04-21 , MVS12780  ,             212.25 ,     6 , 7            ,        27 ,                0.18 ,                   0
2022-04-21 , MVS12749  ,              911.5 ,     8 , 12           ,       162 , 0.22000000000000003 ,                0.02
2022-04-21 , MVS10156  ,             174.75 ,     3 , 5            ,        39 , 0.16999999999999998 ,                0.04
2022-04-21 , MVS12687  ,                402 ,     5 , 11           ,        72 ,                0.18 ,                0.04
2022-04-21 , MVS12752  ,                745 ,    16 , 11           ,       106 ,                0.77 ,                   0
2022-04-21 , MVS12699  ,              60.75 ,     3 , 5            ,         5 , 0.44000000000000006 , 0.11000000000000001
2022-04-21 , MVS12763  ,             766.75 ,     8 , 12           ,       135 ,                0.16 ,                   0
2022-04-21 , MVS12800  ,             251.75 ,     3 , 5            ,        46 ,                0.27 ,                   0
2022-04-21 , MVS11656  ,                132 ,     2 , 5            ,        25 ,                0.09 ,                0.02
2022-04-21 , MVS12692  ,             1124.5 ,     9 , 12           ,       205 ,                0.27 , 0.11000000000000001
2022-04-21 , MVS11597  ,              326.5 ,     8 , 9            ,        41 ,                0.53 ,                0.05
2022-04-21 , MVS11327  ,              899.5 ,    23 , 13           ,       116 ,                0.37 ,                0.01
2022-04-21 , MVS11512  ,                769 ,     8 , 11           ,       123 ,                 0.2 ,                0.04
2022-04-21 , MVS11628  ,            1295.75 ,    21 , 11           ,       200 ,                0.53 ,                   0
2022-04-21 , MVS10918  ,              628.5 ,     5 , 15           ,       119 ,                0.15 ,                0.06
2022-04-21 , MVS11741  ,              755.5 ,    11 , 13           ,       131 ,                0.18 ,                0.01
2022-04-21 , MVS11676  ,             330.25 ,     4 , 3            ,        43 ,                 0.4 ,                   0
2022-04-21 , MVS10730  ,             209.25 ,     3 , 2            ,        34 ,                0.43 ,                   0
2022-04-21 , MVS11801  ,             1317.5 ,    14 , 13           ,       245 , 0.22000000000000003 ,                0.01
2022-04-21 , MVS11568  ,             402.25 ,     9 , 5            ,        54 ,                0.65 ,                 0.1
2022-04-21 , MVS11356  ,            1050.75 ,     9 , 11           ,       176 , 0.13999999999999999 ,                0.01
2022-04-21 , MVS11419  ,               1081 ,    28 , 11           ,       131 ,                0.97 ,                0.03
2022-04-21 , MVS12811  ,              749.1 ,    21 , 9            ,        83 ,                0.32 ,                0.01
2022-04-21 , MVS11370  ,                385 ,     7 , 4            ,        49 ,  0.8099999999999999 ,                0.12
2022-04-21 , MVS11528  ,             708.75 ,    15 , 11           ,       105 ,                0.27 ,                   0
2022-04-21 , MVK000408 ,                712 ,     4 , 11           ,        27 ,                0.89 , 0.11000000000000001
2022-04-21 , MVK000383 ,                771 ,     6 , 14           ,        29 ,                0.73 ,                   0
2022-04-21 , MVK000401 ,                756 ,     5 , 7            ,        27 ,                 0.8 ,                 0.1
2022-04-21 , MVK000400 ,                547 ,     2 , 5            ,        25 ,                 0.6 ,                   0
2022-04-21 , DRN000558 ,              22645 ,    11 , 13           ,       168 ,  0.8099999999999999 ,                 0.1
2022-04-21 , DRN005525 ,              18927 ,    12 , 12           ,       138 ,                0.79 , 0.11000000000000001
2022-04-21 , DRN004376 ,              13018 ,    10 , 7            ,       100 ,                0.73 ,                   0
2022-04-21 , DRN001891 ,              19738 ,     9 , 14           ,       140 ,                   1 ,                   0
2022-04-21 , DRN004775 ,               5550 ,     2 , 3            ,        65 ,                0.29 ,                   0
2022-04-21 , DRN000617 ,               6712 ,     2 , 5            ,        50 ,                0.52 , 0.21000000000000002
2022-04-21 , DRN001783 ,              30084 ,    10 , 15           ,       235 ,                0.78 ,                   0
2022-04-21 , DRN002598 ,               7233 ,     3 , 3            ,        61 ,                 0.5 ,                0.08
2022-04-21 , DRN005057 ,               3463 ,     2 , 2            ,        33 ,                0.67 ,                   0
2022-04-21 , DRN005490 ,               7625 ,     3 , 3            ,        27 , 0.22999999999999998 ,                   0
2022-04-21 , DRN004892 ,               6288 ,     5 , 5            ,        70 ,  0.8800000000000001 ,                   0
2022-04-21 , DRN004941 ,              14897 ,     5 , 8            ,        75 ,                0.61 , 0.22000000000000003
2022-04-21 , DRN005102 ,              11115 ,     4 , 7            ,        93 ,                   1 , 0.13999999999999999
2022-04-21 , DRN006386 ,               4110 ,     4 , 7            ,        43 ,                0.71 , 0.13999999999999999
2022-04-21 , DRN005354 ,                807 ,     1 , 5            ,         4 ,  0.5700000000000001 ,                   0
2022-04-21 , DRN004992 ,               3987 ,     4 , 8            ,        41 ,                0.71 , 0.13999999999999999
2022-04-21 , DRN005688 ,               3472 ,     2 , 4            ,        53 ,                0.25 ,                0.08
2022-04-21 , DRN005779 ,               6116 ,     6 , 7            ,        78 ,                0.82 ,                0.18
2022-04-21 , DRN004984 ,              10726 ,     6 , 9            ,        68 ,                0.18 ,                   0
2022-04-21 , DRN005012 ,               8023 ,     6 , 8            ,       117 , 0.45999999999999996 ,                   0
2022-04-21 , DRN005087 ,               5487 ,     4 , 6            ,        82 ,                0.67 , 0.11000000000000001
2022-04-21 , DRN005937 ,               9516 ,     4 , 11           ,        56 ,                 0.2 , 0.06999999999999999
2022-04-21 , DRN005827 ,              11881 ,     6 , 8            ,        83 ,  0.8300000000000001 , 0.32999999999999996
2022-04-21 , DRN004952 ,               4188 ,     5 , 6            ,        36 ,                   1 ,                   0
2022-04-21 , DRN004852 ,               8418 ,     3 , 7            ,        45 ,                 0.6 ,                 0.1
2022-04-21 , DRN004913 ,               4613 ,     4 , 8            ,        64 ,                0.86 ,                   0
2022-04-21 , DRN005379 ,              10372 ,     4 , 6            ,        63 ,  0.8300000000000001 , 0.16999999999999998
2022-04-21 , DRN005247 ,              12183 ,     7 , 6            ,        73 ,                 0.5 , 0.11000000000000001
2022-04-21 , DRN005955 ,               4511 ,     2 , 8            ,        73 ,                 0.3 ,                   0
2022-04-21 , DRN004834 ,              15035 ,     4 , 7            ,        98 ,                0.45 ,                   0
2022-04-21 , DRN006781 ,               8817 ,     5 , 13           ,       124 ,                0.53 ,                   0
2022-04-21 , DRN005615 ,              10483 ,     6 , 8            ,        60 ,  0.8800000000000001 ,                   0
2022-04-21 , DRN005095 ,              11436 ,     5 , 6            ,        80 ,  0.5599999999999999 ,                   0
2022-04-21 , DRN005195 ,              10037 ,    11 , 13           ,        99 ,                0.73 ,                0.09
2022-04-21 , DRN005050 ,              10348 ,     9 , 11           ,       127 ,                0.26 ,                0.04
2022-04-21 , DRN003732 ,               5554 ,    12 , 10           ,        64 ,                0.31 ,                   0
2022-04-21 , DRN004469 ,               3611 ,     7 , 6            ,        43 ,                0.27 ,                   0
2022-04-21 , DRN005329 ,               3993 ,     8 , 6            ,        43 ,                0.12 ,                   0
2022-04-21 , DRN005623 ,               4795 ,    11 , 9            ,        56 ,                 0.9 ,                0.15
2022-04-21 , DRN005537 ,               4347 ,     7 , 11           ,        59 ,                0.18 ,                   0
2022-04-21 , DRN004371 ,               4970 ,    12 , 9            ,        58 , 0.13999999999999999 ,                0.02
2022-04-21 , DRN002952 ,               4214 ,    12 , 11           ,        36 ,  0.8699999999999999 ,                   0
2022-04-21 , DRN003106 ,               4739 ,     8 , 11           ,        59 ,                0.45 ,                   0
2022-04-21 , DRN007709 ,               6025 ,    12 , 9            ,        69 ,                 0.5 ,                 0.1
2022-04-21 , DRN005257 ,               5573 ,    12 , 10           ,        70 , 0.47000000000000003 ,                0.03
2022-04-21 , DRN004269 ,               3419 ,     6 , 9            ,        45 ,                0.12 ,                   0
2022-04-21 , DRN003887 ,               5306 ,    12 , 12           ,        56 ,                0.15 ,                0.02
2022-04-21 , DRN003395 ,               4091 ,    12 , 11           ,        37 ,                0.29 ,                   0
2022-04-21 , DRN003583 ,               3164 ,     8 , 5            ,        28 ,                0.48 , 0.16999999999999998
2022-04-21 , DRN005601 ,               1691 ,     4 , 9            ,        33 ,                0.09 ,                   0
2022-04-21 , DRN005545 ,               1560 ,     4 , 7            ,        23 ,                0.25 ,                   0
2022-04-21 , DRN005888 ,               4568 ,    20 , 12           ,        57 ,                0.37 ,                0.01
2022-04-21 , DRN005710 ,                457 ,     1 , 5            ,         8 ,                 0.2 ,                   0
2022-04-21 , DRN005757 ,                434 ,     1 , 2            ,         9 , 0.16999999999999998 ,                   0
2022-04-21 , DRN005894 ,               7803 ,    20 , 13           ,       131 ,                0.79 ,                0.03
2022-04-21 , DRN005562 ,               8878 ,    20 , 13           ,       147 ,                0.64 ,                0.13
2022-04-21 , DRN006309 ,               2454 ,     7 , 20           ,        44 , 0.44000000000000006 , 0.11000000000000001
2022-04-21 , DRN006308 ,               5208 ,    12 , 11           ,        90 ,  0.9099999999999999 , 0.13999999999999999
2022-04-21 , DRN005581 ,               2762 ,     9 , 10           ,        46 ,                0.15 ,                   0
2022-04-21 , DRN006050 ,               1500 ,     0 , 0            ,         0 , 0.32999999999999996 ,                   0
2022-04-21 , DRN005903 ,               1470 ,     5 , 6            ,        26 ,                0.16 ,                0.02
2022-04-21 , DRN003426 ,               2792 ,     7 , 7            ,        28 ,                0.65 ,                0.13
2022-04-21 , DRN004474 ,               4473 ,    12 , 6            ,        43 ,                0.62 ,                   0
2022-04-21 , DRN005190 ,               5433 ,    13 , 14           ,        61 ,  0.5599999999999999 ,                   0
2022-04-21 , DRN003109 ,               3009 ,     8 , 10           ,        28 ,  0.6900000000000001 ,                   0
2022-04-21 , DRN003383 ,               5625 ,    12 , 12           ,        63 , 0.49000000000000005 ,                   0
2022-04-21 , DRN003818 ,               3796 ,     8 , 11           ,        45 ,                0.96 ,                   0
2022-04-21 , DRN004081 ,               8120 ,    18 , 14           ,        96 , 0.44000000000000006 , 0.06999999999999999
2022-04-21 , DRN007238 ,               2432 ,     4 , 7            ,        34 ,  0.8300000000000001 ,                0.08
2022-04-21 , DRN005114 ,               5208 ,    12 , 12           ,        49 , 0.13999999999999999 ,                0.01
2022-04-21 , DRN002607 ,               5087 ,    12 , 11           ,        59 ,                0.09 ,                0.01
2022-04-21 , DRN006400 ,               6807 ,    12 , 14           ,        92 , 0.42000000000000004 ,                0.04
2022-04-21 , DRN007044 ,               3600 ,     6 , 13           ,        42 ,                 0.2 ,                0.02
2022-04-21 , DRN006939 ,               3844 ,     9 , 13           ,        45 ,                0.72 , 0.11000000000000001
2022-04-21 , DRN007457 ,               6521 ,    12 , 10           ,        74 ,                0.55 ,                   0
2022-04-21 , DRN005895 ,               4900 ,     4 , 9            ,        73 ,                0.43 ,                   0
2022-04-21 , DRN004333 ,               4181 ,     8 , 12           ,        52 ,                 0.3 ,                0.02
2022-04-21 , DRN007065 ,               5650 ,    12 , 11           ,        62 ,                0.76 ,                   0
2022-04-21 , DRN006661 ,               6740 ,    12 , 11           ,        73 ,                0.08 ,                   0
2022-04-21 , DRN007149 ,               3065 ,     7 , 12           ,        37 , 0.21000000000000002 ,                   0
2022-04-21 , DRN007382 ,               5141 ,    12 , 11           ,        61 ,                0.75 ,                   0
2022-04-21 , DRN007568 ,               6860 ,    11 , 10           ,        92 ,                0.32 ,                0.08
2022-04-21 , DRN007666 ,               7051 ,    13 , 13           ,        80 ,                0.12 ,                0.01
2022-04-21 , DRN007119 ,               7662 ,    15 , 11           ,        86 ,                0.16 ,                0.01
2022-04-21 , DRN006162 ,               2398 ,     6 , 13           ,        27 , 0.21000000000000002 ,                0.05
2022-04-21 , DRN006982 ,               5995 ,    12 , 10           ,        79 ,                0.12 ,                   0
2022-04-21 , DRN006657 ,               3436 ,     4 , 11           ,        50 ,                0.43 , 0.13999999999999999
2022-04-21 , DRN007374 ,               4594 ,     8 , 11           ,        60 ,                0.58 ,                0.08
2022-04-21 , DRN005997 ,               5032 ,    12 , 10           ,        55 ,                0.93 ,                   0
2022-04-21 , MVS10787  ,            1257.25 ,    23 , 11           ,       175 ,                0.89 ,                0.04
2022-04-21 , MVS12594  ,             427.75 ,     4 , 11           ,        85 ,                0.25 ,                0.04
2022-04-21 , MVS11460  ,                411 ,     3 , 9            ,        79 , 0.06999999999999999 ,                   0
2022-04-21 , MVS11728  ,                341 ,     5 , 8            ,        60 ,                 0.3 ,                0.05
2022-04-21 , MVS11366  ,              603.5 ,    11 , 8            ,        92 ,                0.86 ,                   0
2022-04-21 , MVS11535  ,             725.25 ,    10 , 8            ,       130 ,                 0.5 ,                   0
2022-04-21 , MVS11898  ,             663.75 ,    12 , 8            ,        97 ,                0.71 ,                   0
2022-04-21 , MVS12550  ,             819.25 ,    15 , 11           ,       124 , 0.47000000000000003 ,                0.03
2022-04-21 , MVS12139  ,             577.75 ,    11 , 9            ,        87 ,                0.35 ,                   0
2022-04-21 , MVS00104  ,            1466.75 ,    19 , 18           ,       253 ,                0.54 ,                0.02
2022-04-21 , MVS11329  ,                771 ,    10 , 17           ,       125 , 0.21000000000000002 ,                0.06
2022-04-21 , MVS12575  ,                738 ,    13 , 10           ,       107 ,                 0.7 ,                0.09
2022-04-21 , MVS11828  ,             1396.5 ,    18 , 11           ,       239 ,                0.86 ,                   0
2022-04-21 , MVS10202  ,              893.5 ,    12 , 12           ,       159 ,                0.45 ,                0.06
2022-04-21 , MVS11410  ,             926.75 ,    11 , 13           ,       152 ,                0.38 ,                   0
2022-04-21 , MVS12046  ,                961 ,    21 , 14           ,       110 ,                0.65 ,                0.03
2022-04-21 , MVS12100  ,              328.5 ,     3 , 7            ,        66 ,                0.25 ,                   0
2022-04-21 , MVS12156  ,             216.75 ,     6 , 5            ,        27 ,                0.78 ,                   0
2022-04-21 , MVS12636  ,               1131 ,    17 , 14           ,       234 ,                0.77 ,                0.08
2022-04-21 , MVS12202  ,              945.5 ,    10 , 14           ,       165 ,                0.38 ,                   0
2022-04-21 , MVS10042  ,               1141 ,    10 , 12           ,       199 , 0.33999999999999997 ,                   0
2022-04-21 , MVS12117  ,               1141 ,    10 , 12           ,       199 , 0.33999999999999997 ,                   0
2022-04-21 , MVS12576  ,                791 ,    16 , 14           ,       112 ,                0.36 ,                0.02
2022-04-21 , MVS12716  ,              979.5 ,    12 , 11           ,       164 ,                0.72 ,                0.16
2022-04-21 , MVS11266  ,             327.75 ,     6 , 9            ,        50 , 0.16999999999999998 ,                0.03
2022-04-21 , MVS11610  ,              821.5 ,    10 , 10           ,       146 ,                0.38 ,                   0
2022-04-21 , MVS12058  ,             690.25 ,     6 , 12           ,       134 ,                0.27 , 0.06999999999999999
2022-04-21 , MVS10762  ,                180 ,     4 , 11           ,        20 ,                0.32 ,                 0.1
2022-04-21 , MVS12095  ,             671.75 ,    11 , 13           ,       107 ,                 0.3 ,                0.04
2022-04-21 , MVS11566  ,             1032.5 ,    19 , 13           ,       153 ,  0.9099999999999999 ,                   0
2022-04-21 , MVS12557  ,             629.75 ,     7 , 10           ,       121 ,                0.27 ,                   0
2022-04-21 , MVS11889  ,             989.75 ,    15 , 12           ,       152 ,  0.5900000000000001 ,                   0
2022-04-21 , MVS12134  ,            1290.25 ,    19 , 17           ,       192 ,                0.51 ,                0.02
2022-04-21 , MVS11159  ,              948.5 ,    13 , 12           ,       142 ,                0.53 , 0.06999999999999999
2022-04-21 , MVS11919  ,              161.5 ,     2 , 6            ,        26 ,                 0.1 ,                   0
2022-04-21 , MVS12007  ,             768.75 ,     8 , 12           ,       145 ,                0.35 ,                   0
2022-04-21 , MVS10167  ,             566.25 ,    15 , 12           ,        60 ,                0.43 ,                   0
2022-04-21 , MVS10818  ,                348 ,     4 , 9            ,        55 , 0.16999999999999998 ,                   0
2022-04-21 , MVS12011  ,                935 ,    10 , 12           ,       166 ,                0.61 ,                   0
2022-04-21 , MVS10095  ,                717 ,    12 , 9            ,       114 ,                0.65 ,                   0
2022-04-21 , MVS10136  ,            1025.75 ,    10 , 13           ,       230 , 0.22999999999999998 ,                   0
2022-04-21 , MVS11951  ,                801 ,     7 , 13           ,       161 ,                 0.1 ,                   0
2022-04-21 , MVS12039  ,             778.75 ,    14 , 12           ,       124 ,                0.76 ,                0.05
2022-04-21 , MVS12108  ,              286.5 ,     5 , 9            ,        44 ,                0.25 ,                   0
2022-04-21 , MVS12533  ,             195.75 ,     4 , 5            ,        24 ,                0.35 ,                0.06
2022-04-21 , MVS10215  ,            1088.25 ,    18 , 14           ,       145 , 0.47000000000000003 ,                0.04
2022-04-21 , MVS11782  ,            1088.25 ,    18 , 14           ,       145 , 0.47000000000000003 ,                0.04
2022-04-21 , MVS11989  ,               1353 ,    20 , 16           ,       186 , 0.44000000000000006 ,                   0
2022-04-21 , MVG10070  ,              441.2 ,    17 , 14           ,       221 ,                 0.6 ,                0.02
2022-04-21 , MVG10022  ,               18.4 ,     1 , 1            ,         6 ,                   1 ,                   0
2022-04-21 , MVG10093  ,              256.8 ,    14 , 10           ,       139 ,  0.6799999999999999 ,                0.04
2022-04-21 , MVG10485  ,              179.4 ,     9 , 7            ,       103 ,                0.78 , 0.11000000000000001
2022-04-21 , MVG10257  ,               37.4 ,     2 , 7            ,        17 ,                   1 ,                   0
2022-04-21 , MVG10075  ,              173.2 ,    11 , 7            ,        45 ,                 0.9 ,                   0
2022-04-21 , MVG10167  ,              305.2 ,    17 , 12           ,       125 , 0.47000000000000003 ,                 0.1
2022-04-21 , MVG10124  ,                216 ,    14 , 12           ,       110 ,                0.65 ,                0.04
2022-04-21 , MVG10234  ,                103 ,     3 , 4            ,        69 ,                 0.8 ,                 0.1
2022-04-21 , MVG10065  ,              131.6 ,     6 , 4            ,        60 ,  0.5599999999999999 ,                   0
2022-04-21 , MVG10092  ,              373.2 ,     9 , 10           ,       202 ,                0.75 ,                0.06
2022-04-21 , MVG10184  ,              105.8 ,     5 , 4            ,        52 ,                0.62 ,                0.08
2022-04-21 , MVG10678  ,              249.6 ,    15 , 11           ,       150 ,                0.79 ,                 0.1
2022-04-21 , MVG10011  ,              170.4 ,    11 , 8            ,        84 ,                0.65 ,                0.05
2022-04-21 , MVS10542  ,             798.75 ,    17 , 10           ,       121 ,                0.29 ,                0.03
2022-04-21 , MVS11591  ,               1022 ,    17 , 11           ,       173 ,                0.55 ,                   0
2022-04-21 , MVS10633  ,                950 ,    14 , 9            ,       162 ,  0.5900000000000001 ,                0.04
2022-04-21 , MVS11470  ,              706.5 ,    17 , 6            ,        87 ,                0.58 ,                   0
2022-04-21 , MVS10823  ,             571.75 ,     9 , 14           ,        95 ,                0.45 ,                0.16
2022-04-21 , MVS10636  ,             497.25 ,     4 , 7            ,       108 , 0.44000000000000006 ,                   0
2022-04-21 , MVS10758  ,             711.25 ,    11 , 9            ,       108 , 0.44000000000000006 ,                0.06
2022-04-21 , MVS11969  ,              256.5 ,     4 , 8            ,        49 ,                0.32 ,                0.16
2022-04-21 , MVS11230  ,            1071.25 ,    11 , 14           ,       200 ,                0.32 ,                0.03
2022-04-21 , MVS11435  ,                939 ,     5 , 13           ,       198 ,                0.13 ,                   0
2022-04-21 , MVS11130  ,              853.5 ,    13 , 8            ,       131 ,                0.54 ,                0.18
2022-04-21 , MVS12839  ,              948.5 ,    21 , 9            ,       129 ,  0.8099999999999999 ,                   0
2022-04-21 , MVS11217  ,             793.75 ,    17 , 14           ,       103 ,                0.25 ,                0.03
2022-04-21 , MVS11391  ,             1096.5 ,    13 , 10           ,       213 ,                0.31 ,                0.02
2022-04-21 , MVS11567  ,            1245.65 ,     8 , 10           ,       244 , 0.27999999999999997 , 0.06999999999999999
2022-04-21 , MVS10904  ,            1082.75 ,    12 , 12           ,       172 ,                0.27 ,                0.02
2022-04-21 , MVS10754  ,              625.5 ,    11 , 9            ,        91 ,                0.41 ,                   0
2022-04-21 , MVS11420  ,               1484 ,    29 , 13           ,       189 ,                0.72 ,                0.06
2022-04-21 , MVS11432  ,                828 ,    11 , 9            ,       136 , 0.32999999999999996 ,                0.05
2022-04-21 , MVS11434  ,                744 ,    12 , 10           ,       115 ,                0.18 ,                0.01
2022-04-21 , MVS11272  ,                853 ,     9 , 10           ,       148 ,                0.24 ,                0.06
2022-04-21 , MVS11251  ,              199.5 ,     2 , 9            ,        42 ,                0.18 ,                   0
2022-04-21 , MVS10350  ,             766.25 ,    11 , 12           ,       119 ,                 0.3 ,                0.05
2022-04-21 , MVS10384  ,            1473.25 ,    22 , 17           ,       224 ,  0.5700000000000001 ,                0.02
2022-04-21 , MVS10541  ,              620.5 ,     9 , 8            ,       109 ,                 0.5 ,                0.09
2022-04-21 , MVS10771  ,                968 ,    18 , 17           ,       146 , 0.47000000000000003 ,                   0
2022-04-21 , MVS12608  ,               1068 ,     9 , 13           ,       198 ,                0.36 ,                   0
2022-04-21 , MVS11195  ,             799.25 ,    15 , 10           ,       103 ,  0.6799999999999999 ,                0.08
2022-04-21 , MVS10578  ,                846 ,     9 , 15           ,       150 ,                0.15 ,                   0
2022-04-21 , MVS10319  ,             536.25 ,    11 , 10           ,        72 ,                0.43 ,                0.03
2022-04-21 , MVS10363  ,             869.25 ,    12 , 10           ,       147 , 0.42000000000000004 ,                   0
2022-04-21 , MVS10982  ,              999.5 ,    11 , 9            ,       190 , 0.45999999999999996 ,                   0
2022-04-21 , MVS11297  ,             1136.5 ,    10 , 15           ,       212 ,                 0.2 ,                   0
2022-04-21 , MVS10246  ,            1448.75 ,    15 , 12           ,       278 ,                0.64 ,                0.04
2022-04-21 , MVS10360  ,               1406 ,    16 , 17           ,       248 ,                 0.5 ,                0.03
2022-04-21 , MVS11367  ,              767.5 ,     6 , 15           ,       127 , 0.47000000000000003 ,                   0
2022-04-21 , MVS10886  ,              762.5 ,    16 , 12           ,        95 ,                0.61 ,                0.04
2022-04-21 , MVS11316  ,             1082.5 ,     9 , 12           ,       204 ,                0.36 ,                0.04
2022-04-21 , MVS12717  ,            1349.25 ,    16 , 13           ,       209 ,                0.53 ,                   0
2022-04-21 , MVG10381  ,                338 ,    16 , 11           ,       157 ,                0.71 ,                 0.1
2022-04-21 , MVG10669  ,              304.4 ,    16 , 14           ,       144 ,                0.96 ,                   0
2022-04-21 , MVG10360  ,                211 ,    10 , 8            ,       113 ,                0.71 ,                   0
2022-04-21 , MVG00219  ,              421.6 ,    15 , 12           ,       223 ,                0.77 ,                0.09
2022-04-21 , MVG10337  ,              371.2 ,    17 , 13           ,       188 ,  0.8699999999999999 ,                0.06
2022-04-21 , MVG10716  ,                104 ,     6 , 5            ,        62 ,                 0.9 ,                 0.1
2022-04-21 , MVG00217  ,              269.2 ,    14 , 11           ,       131 ,                0.52 ,                0.06
2022-04-21 , MVG10652  ,              210.4 ,    15 , 16           ,        98 , 0.49000000000000005 ,                   0
2022-04-21 , MVG10628  ,              133.6 ,     4 , 3            ,        52 , 0.44000000000000006 ,                   0
2022-04-21 , MVG10233  ,              209.2 ,    11 , 7            ,       100 ,                0.73 ,                   0
2022-04-21 , MVG10347  ,                120 ,     1 , 4            ,        57 ,                 0.6 ,                 0.2
2022-04-21 , MVG10754  ,              375.4 ,    16 , 10           ,       192 ,  0.6900000000000001 ,                0.06
2022-04-21 , MVG10706  ,                210 ,    10 , 9            ,        94 ,                0.62 ,                0.13
2022-04-21 , MVG10372  ,                 44 ,     5 , 12           ,       128 , 0.27999999999999997 ,                0.03
2022-04-21 , MVG10332  ,              289.2 ,    14 , 10           ,       138 ,                0.53 ,                   0
2022-04-21 , MVS10628  ,             222.75 ,     4 , 7            ,        40 ,                 0.1 ,                0.04
2022-04-21 , MVS12664  ,             302.25 ,     8 , 5            ,        37 ,                0.73 ,                   0
2022-04-21 , MVS10583  ,                772 ,    17 , 10           ,        67 ,                0.54 ,                0.03
2022-04-21 , MVS10687  ,             807.25 ,    21 , 11           ,        95 ,                0.41 ,                0.01
2022-04-21 , MVS10663  ,            1316.25 ,    21 , 14           ,       207 , 0.33999999999999997 ,                   0
2022-04-21 , MVS10597  ,               1161 ,    22 , 10           ,       178 ,                0.77 ,                   0
2022-04-21 , MVS10316  ,             824.25 ,    23 , 8            ,        97 ,                0.93 ,                0.03
2022-04-21 , MVS10406  ,             298.75 ,     5 , 4            ,        44 ,  0.5599999999999999 ,                0.12
2022-04-21 , MVS12583  ,             372.25 ,     3 , 10           ,        73 ,                0.09 ,                   0
2022-04-21 , MVS10433  ,             133.75 ,     2 , 2            ,        20 , 0.32999999999999996 ,                   0
2022-04-21 , MVS10304  ,              121.5 ,     3 , 2            ,        18 ,                   1 ,                   0
2022-04-21 , MVS10668  ,             638.25 ,    11 , 7            ,        86 ,                0.58 ,                0.04
2022-04-21 , MVS10503  ,                919 ,    21 , 10           ,       102 ,                0.55 ,                0.02
2022-04-21 , MVS10681  ,             317.25 ,     9 , 5            ,        34 ,  0.5599999999999999 ,                   0
2022-04-21 , MVS10564  ,                979 ,    18 , 10           ,       142 ,  0.5900000000000001 ,                0.12
2022-04-21 , MVS10424  ,             766.25 ,    12 , 11           ,       122 ,                0.15 ,                   0
2022-04-21 , MVS11665  ,              858.5 ,    12 , 13           ,       141 ,                0.24 ,                   0
2022-04-21 , MVS10368  ,            1122.25 ,    22 , 12           ,       135 ,  0.8800000000000001 ,                0.09
2022-04-21 , MVS10473  ,            1083.25 ,    23 , 10           ,       142 ,                0.76 ,                0.03
2022-04-21 , MVS11451  ,              66.75 ,     1 , 1            ,        11 ,                0.09 ,                   0
2022-04-21 , MVS10689  ,                861 ,     7 , 9            ,       167 ,                0.24 ,                   0
2022-04-21 , MVS12821  ,             1027.7 ,    20 , 8            ,       148 ,  0.9199999999999999 ,                0.04
2022-04-21 , MVS10415  ,             943.25 ,    12 , 14           ,       159 , 0.27999999999999997 ,                0.02
2022-04-21 , MVS10667  ,              710.5 ,    13 , 9            ,        87 ,                0.61 ,                   0
2022-04-21 , MVS12051  ,               1479 ,    26 , 15           ,       237 ,                   1 ,                0.04
2022-04-21 , MVS10648  ,                498 ,     8 , 6            ,        84 , 0.44000000000000006 ,                   0
2022-04-21 , MVS10865  ,              511.5 ,     7 , 13           ,        88 ,                0.53 ,                0.06
2022-04-21 , MVS10753  ,              826.5 ,    17 , 8            ,       119 ,                   1 ,                0.05
2022-04-21 , MVS10670  ,             736.25 ,    10 , 8            ,       123 , 0.33999999999999997 ,                0.03
2022-04-21 , MVS11447  ,              544.5 ,     8 , 7            ,        99 ,                0.25 ,                   0
2022-04-21 , MVS11626  ,              634.5 ,    11 , 13           ,        85 ,                0.71 ,                   0
2022-04-21 , MVS10621  ,               1325 ,    15 , 13           ,       245 ,                   1 ,                   0